112 200
1 134 105
87 132 96
2 130 129
3 134 44
4 159 42
5 188 35
88 188 35
6 198 76
8 176 74
10 159 74
11 236 41
12 310 42
111 310 42
13 308 69
14 277 71
15 225 73
16 330 89
17 330 107
18 371 107
19 400 46
20 394 82
21 402 137
22 429 137
23 428 103
24 467 124
25 397 193
26 352 195
72 352 230
27 352 157
29 332 159
30 333 142
31 310 177
79 332 177
32 288 105
84 288 105
33 312 105
34 312 245
35 269 247
36 271 157
37 188 249
38 204 247
39 188 276
85 204 276
40 232 277
42 350 279
44 362 268
46 388 315
47 411 319
48 418 340
86 406 347
49 216 217
50 217 198
51 231 207
52 199 160
53 177 145
78 171 147
54 153 155
55 129 152
56 111 152
57 152 198
58 110 223
59 131 297
60 131 320
61 60 315
62 231 247
63 217 207
64 199 207
65 110 198
66 152 223
67 231 105
68 110 297
69 345 141
70 271 134
71 254 146
73 188 55
74 188 42
75 211 160
76 211 140
77 140 164
80 333 72
81 284 273
82 187 103
89 187 103
83 402 156
90 205 306
91 227 326
92 234 313
93 332 223
94 63 370
95 89 363
96 149 362
97 149 317
98 149 296
99 429 178
100 447 157
101 447 193
102 360 46
103 168 194
104 168 248
105 168 248
106 129 248
108 132 276
109 171 276
110 171 316
112 361 55
113 62 339
114 398 230
115 201 340
116 294 180
117 249 180
118 249 138
119 294 138
117 118
118 71
116 119
119 70
115 91
114 25
113 95
112 102
99 100
100 101
101 99
94 95
95 96
96 97
97 98
98 59
72 93
38 90
90 92
92 91
5 88
82 89
1 87
32 84
16 80
13 80
70 71
52 75
75 76
71 36
14 15
30 69
1 82
82 67
67 32
67 51
1 2
1 3
3 4
4 74
74 5
74 73
73 6
6 8
8 10
74 11
11 12
12 19
12 102
12 13
13 14
13 16
16 17
17 18
19 20
20 21
21 22
22 23
22 24
21 83
83 25
25 26
26 27
29 30
27 29
29 79
79 31
31 33
33 32
31 34
34 35
35 36
35 38
38 37
38 39
39 85
85 40
26 72
72 44
44 42
42 81
81 40
44 46
46 47
47 48
62 35
62 51
51 63
63 50
63 49
64 50
64 49
64 52
52 53
53 78
78 54
54 77
77 55
55 56
55 2
56 65
65 57
57 66
66 58
58 68
68 59
59 60
60 61
86 48
57 103
103 104
104 105
105 106
106 108
108 109
109 110
100 22
12 111